     0    0.000            2500               0;
     1    0.044            2500             811;
     2    0.089            2500             942;
     3    0.133            2500             307;
     4    0.177            2500             362;
     5    0.221            2500             813;
     6    0.266            2500             616;
     7    0.310            2500             370;
     8    0.354            2500             567;
     9    0.398            2500             721;
    10    0.443            2500             531;
    11    0.487            2500             511;
    12    0.531            2500             651;
    13    0.576            2500             611;
    14    0.620            2500             540;
    15    0.664            2500             603;
    16    0.708            2500             618;
    17    0.753            2500             572;
    18    0.797            2500             590;
    19    0.841            2500             607;
    20    0.885            2500             586;
    21    0.930            2500             591;
    22    0.974            2500             599;
    23    1.018            2500             590;
    24    1.063            2500             594;
    25    1.107            2500             595;
    26    1.151            2500             593;
    27    1.195            2500             595;
    28    1.240            2500             594;
    29    1.284            2500             594;
    30    1.328            2500             594;
    31    1.372            2500             594;
    32    1.417            2500             594;
    33    1.461            2500             594;
    34    1.505            2500             594;
    35    1.549            2500             594;
    36    1.594            2500             594;
    37    1.638            2500             594;
    38    1.682            2500             594;
    39    1.727            2500             594;
    40    1.771            2500             594;
    41    1.815            2500             594;
    42    1.859            2500             594;
    43    1.904            2500             594;
    44    1.948            2500             594;
    45    1.992            2500             594;
    46    2.036               0            -105;
    47    2.081               0            -481;
    48    2.125               0             194;
    49    2.169               0             323;
    50    2.214               0            -215;
    51    2.258               0            -176;
    52    2.302               0             218;
    53    2.346               0              83;
    54    2.391               0            -180;
    55    2.435               0              -4;
    56    2.479               0             141;
    57    2.523               0             -29;
    58    2.568               0             -92;
    59    2.612               0              51;
    60    2.656               0              55;
    61    2.701               0             -53;
    62    2.745               0             -22;
    63    2.789               0              42;
    64    2.833               0              -4;
    65    2.878               0             -31;
    66    2.922               0              11;
    67    2.966               0               9;
    68    3.010               0             -18;
    69    3.055               0              -3;
    70    3.099               0               5;
    71    3.143               0              -8;
    72    3.188               0              -4;
    73    3.232               0               0;
    74    3.276               0              -6;
    75    3.320               0              -3;
    76    3.365               0              -3;
    77    3.409               0              -5;
    78    3.453               0              -3;
    79    3.497               0              -4;
    80    3.542               0              -3;
    81    3.586               0              -3;
    82    3.630               0              -4;
    83    3.674               0              -4;
    84    3.719               0              -4;
    85    3.763               0              -4;
    86    3.807               0              -4;
    87    3.852               0              -4;
    88    3.896               0              -4;
    89    3.940               0              -4]
