     0    0.000            2500               0;
     1    0.044            2500             474;
     2    0.089            2500             552;
     3    0.133            2500             554;
     4    0.177            2500             555;
     5    0.221            2500             555;
     6    0.266            2500             556;
     7    0.310            2500             555;
     8    0.354            2500             556;
     9    0.398            2500             557;
    10    0.443            2500             557;
    11    0.487            2500             557;
    12    0.531            2500             557;
    13    0.576            2500             557;
    14    0.620            2500             557;
    15    0.664            2500             557;
    16    0.708            2500             558;
    17    0.753            2500             558;
    18    0.797            2500             558;
    19    0.841            2500             558;
    20    0.885            2500             558;
    21    0.930            2500             558;
    22    0.974            2500             558;
    23    1.018            2500             558;
    24    1.063            2500             558;
    25    1.107            2500             558;
    26    1.151            2500             558;
    27    1.195            2500             558;
    28    1.240            2500             559;
    29    1.284            2500             559;
    30    1.328            2500             559;
    31    1.372            2500             559;
    32    1.417            2500             559;
    33    1.461            2500             559;
    34    1.505            2500             559;
    35    1.549            2500             559;
    36    1.594            2500             559;
    37    1.638            2500             559;
    38    1.682            2500             559;
    39    1.727            2500             559;
    40    1.771            2500             559;
    41    1.815            2500             559;
    42    1.859            2500             559;
    43    1.904            2500             559;
    44    1.948            2500             559;
    45    1.992            2500             560;
    46    2.036               0              94;
    47    2.081               0              -3;
    48    2.125               0              15;
    49    2.169               0              16;
    50    2.214               0              13;
    51    2.258               0              14;
    52    2.302               0              14;
    53    2.346               0              14;
    54    2.391               0              13;
    55    2.435               0              13;
    56    2.479               0              13;
    57    2.523               0              13;
    58    2.568               0              13;
    59    2.612               0              13;
    60    2.656               0              13;
    61    2.701               0              13;
    62    2.745               0              13;
    63    2.789               0              13;
    64    2.833               0              13;
    65    2.878               0              13;
    66    2.922               0              13;
    67    2.966               0              13;
    68    3.010               0              13;
    69    3.055               0              13;
    70    3.099               0              13;
    71    3.143               0              13;
    72    3.188               0              13;
    73    3.232               0              13;
    74    3.276               0              13;
    75    3.320               0              13;
    76    3.365               0              13;
    77    3.409               0              13;
    78    3.453               0              13;
    79    3.497               0              13;
    80    3.542               0              13;
    81    3.586               0              13;
    82    3.630               0              13;
    83    3.674               0              13;
    84    3.719               0              13;
    85    3.763               0              13;
    86    3.807               0              13;
    87    3.852               0              13;
    88    3.896               0              13;
    89    3.940               0              13]
