     0    0.000            2500               0;
     1    0.044            2500             630;
     2    0.089            2500             677;
     3    0.133            2500             539;
     4    0.177            2500             567;
     5    0.221            2500             589;
     6    0.266            2500             579;
     7    0.310            2500             580;
     8    0.354            2500             581;
     9    0.398            2500             581;
    10    0.443            2500             581;
    11    0.487            2500             581;
    12    0.531            2500             581;
    13    0.576            2500             581;
    14    0.620            2500             581;
    15    0.664            2500             581;
    16    0.708            2500             581;
    17    0.753            2500             581;
    18    0.797            2500             581;
    19    0.841            2500             581;
    20    0.885            2500             581;
    21    0.930            2500             581;
    22    0.974            2500             581;
    23    1.018            2500             581;
    24    1.063            2500             581;
    25    1.107            2500             581;
    26    1.151            2500             581;
    27    1.195            2500             581;
    28    1.240            2500             582;
    29    1.284            2500             582;
    30    1.328            2500             582;
    31    1.372            2500             582;
    32    1.417            2500             582;
    33    1.461            2500             582;
    34    1.505            2500             582;
    35    1.549            2500             582;
    36    1.594            2500             582;
    37    1.638            2500             582;
    38    1.682            2500             582;
    39    1.727            2500             582;
    40    1.771            2500             582;
    41    1.815            2500             582;
    42    1.859            2500             582;
    43    1.904            2500             582;
    44    1.948            2500             582;
    45    1.992            2500             582;
    46    2.036               0             -12;
    47    2.081               0            -163;
    48    2.125               0              61;
    49    2.169               0              55;
    50    2.214               0              -9;
    51    2.258               0               6;
    52    2.302               0              18;
    53    2.346               0               8;
    54    2.391               0              10;
    55    2.435               0              12;
    56    2.479               0              10;
    57    2.523               0              11;
    58    2.568               0              10;
    59    2.612               0              10;
    60    2.656               0              10;
    61    2.701               0              10;
    62    2.745               0              10;
    63    2.789               0              10;
    64    2.833               0              10;
    65    2.878               0              10;
    66    2.922               0              10;
    67    2.966               0              10;
    68    3.010               0              10;
    69    3.055               0              10;
    70    3.099               0              10;
    71    3.143               0              10;
    72    3.188               0              10;
    73    3.232               0              10;
    74    3.276               0              10;
    75    3.320               0              10;
    76    3.365               0              10;
    77    3.409               0              10;
    78    3.453               0              10;
    79    3.497               0              10;
    80    3.542               0              10;
    81    3.586               0              10;
    82    3.630               0              10;
    83    3.674               0              10;
    84    3.719               0              10;
    85    3.763               0              10;
    86    3.807               0              10;
    87    3.852               0              10;
    88    3.896               0              10;
    89    3.940               0              10]
