     0    0.000            2500               0;
     1    0.044            2500             429;
     2    0.089            2500             807;
     3    0.133            2500             354;
     4    0.177            2500             127;
     5    0.221            2500             602;
     6    0.266            2500             693;
     7    0.310            2500             241;
     8    0.354            2500             261;
     9    0.398            2500             670;
    10    0.443            2500             567;
    11    0.487            2500             210;
    12    0.531            2500             378;
    13    0.576            2500             666;
    14    0.620            2500             476;
    15    0.664            2500             230;
    16    0.708            2500             445;
    17    0.753            2500             628;
    18    0.797            2500             428;
    19    0.841            2500             267;
    20    0.885            2500             468;
    21    0.930            2500             587;
    22    0.974            2500             413;
    23    1.018            2500             297;
    24    1.063            2500             460;
    25    1.107            2500             554;
    26    1.151            2500             421;
    27    1.195            2500             323;
    28    1.240            2500             410;
    29    1.284            2500             515;
    30    1.328            2500             460;
    31    1.372            2500             368;
    32    1.417            2500             399;
    33    1.461            2500             479;
    34    1.505            2500             463;
    35    1.549            2500             399;
    36    1.594            2500             407;
    37    1.638            2500             457;
    38    1.682            2500             452;
    39    1.727            2500             415;
    40    1.771            2500             420;
    41    1.815            2500             446;
    42    1.859            2500             442;
    43    1.904            2500             425;
    44    1.948            2500             429;
    45    1.992            2500             439;
    46    2.036               0             160;
    47    2.081               0            -335;
    48    2.125               0             -55;
    49    2.169               0             348;
    50    2.214               0              30;
    51    2.258               0            -295;
    52    2.302               0              53;
    53    2.346               0             289;
    54    2.391               0             -66;
    55    2.435               0            -224;
    56    2.479               0             130;
    57    2.523               0             208;
    58    2.568               0            -127;
    59    2.612               0            -137;
    60    2.656               0             168;
    61    2.701               0             121;
    62    2.745               0            -147;
    63    2.789               0             -53;
    64    2.833               0             167;
    65    2.878               0              44;
    66    2.922               0            -133;
    67    2.966               0              13;
    68    3.010               0             137;
    69    3.055               0             -13;
    70    3.099               0             -96;
    71    3.143               0              53;
    72    3.188               0              91;
    73    3.232               0             -46;
    74    3.276               0             -48;
    75    3.320               0              69;
    76    3.365               0              41;
    77    3.409               0             -51;
    78    3.453               0              -2;
    79    3.497               0              59;
    80    3.542               0               1;
    81    3.586               0             -32;
    82    3.630               0              26;
    83    3.674               0              32;
    84    3.719               0             -16;
    85    3.763               0              -4;
    86    3.807               0              29;
    87    3.852               0               7;
    88    3.896               0             -10;
    89    3.940               0              13
