     0    0.000            2500               0;
     1    0.044            2500             750;
     2    0.089            2500            1348;
     3    0.133            2500             495;
     4    0.177            2500             236;
     5    0.221            2500            1142;
     6    0.266            2500            1039;
     7    0.310            2500             218;
     8    0.354            2500             623;
     9    0.398            2500            1250;
    10    0.443            2500             626;
    11    0.487            2500             267;
    12    0.531            2500             980;
    13    0.576            2500            1073;
    14    0.620            2500             368;
    15    0.664            2500             507;
    16    0.708            2500            1134;
    17    0.753            2500             806;
    18    0.797            2500             321;
    19    0.841            2500             746;
    20    0.885            2500            1105;
    21    0.930            2500             594;
    22    0.974            2500             420;
    23    1.018            2500             955;
    24    1.063            2500             953;
    25    1.107            2500             449;
    26    1.151            2500             636;
    27    1.195            2500            1035;
    28    1.240            2500             716;
    29    1.284            2500             461;
    30    1.328            2500             878;
    31    1.372            2500             934;
    32    1.417            2500             517;
    33    1.461            2500             657;
    34    1.505            2500             972;
    35    1.549            2500             701;
    36    1.594            2500             528;
    37    1.638            2500             882;
    38    1.682            2500             851;
    39    1.727            2500             532;
    40    1.771            2500             750;
    41    1.815            2500             906;
    42    1.859            2500             613;
    43    1.904            2500             643;
    44    1.948            2500             893;
    45    1.992            2500             703;
    46    2.036               0              60;
    47    2.081               0            -539;
    48    2.125               0             144;
    49    2.169               0             479;
    50    2.214               0            -286;
    51    2.258               0            -334;
    52    2.302               0             406;
    53    2.346               0             192;
    54    2.391               0            -433;
    55    2.435               0              -6;
    56    2.479               0             434;
    57    2.523               0            -127;
    58    2.568               0            -343;
    59    2.612               0             267;
    60    2.656               0             250;
    61    2.701               0            -321;
    62    2.745               0             -96;
    63    2.789               0             360;
    64    2.833               0             -17;
    65    2.878               0            -313;
    66    2.922               0             154;
    67    2.966               0             256;
    68    3.010               0            -223;
    69    3.055               0            -136;
    70    3.099               0             281;
    71    3.143               0              39;
    72    3.188               0            -262;
    73    3.232               0              83;
    74    3.276               0             229;
    75    3.320               0            -150;
    76    3.365               0            -137;
    77    3.409               0             211;
    78    3.453               0              63;
    79    3.497               0            -206;
    80    3.542               0              41;
    81    3.586               0             191;
    82    3.630               0             -94;
    83    3.674               0            -122;
    84    3.719               0             151;
    85    3.763               0              69;
    86    3.807               0            -152;
    87    3.852               0              12;
    88    3.896               0             148;
    89    3.940               0             -50
