     0    0.000            2500               0;
     1    0.044            2500             562;
     2    0.089            2500            1041;
     3    0.133            2500             437;
     4    0.177            2500             139;
     5    0.221            2500             795;
     6    0.266            2500             882;
     7    0.310            2500             253;
     8    0.354            2500             340;
     9    0.398            2500             898;
    10    0.443            2500             661;
    11    0.487            2500             199;
    12    0.531            2500             546;
    13    0.576            2500             876;
    14    0.620            2500             456;
    15    0.664            2500             269;
    16    0.708            2500             705;
    17    0.753            2500             757;
    18    0.797            2500             337;
    19    0.841            2500             396;
    20    0.885            2500             780;
    21    0.930            2500             598;
    22    0.974            2500             321;
    23    1.018            2500             531;
    24    1.063            2500             768;
    25    1.107            2500             475;
    26    1.151            2500             385;
    27    1.195            2500             667;
    28    1.240            2500             676;
    29    1.284            2500             419;
    30    1.328            2500             500;
    31    1.372            2500             716;
    32    1.417            2500             557;
    33    1.461            2500             440;
    34    1.505            2500             621;
    35    1.549            2500             663;
    36    1.594            2500             483;
    37    1.638            2500             527;
    38    1.682            2500             671;
    39    1.727            2500             565;
    40    1.771            2500             496;
    41    1.815            2500             620;
    42    1.859            2500             622;
    43    1.904            2500             516;
    44    1.948            2500             571;
    45    1.992            2500             634;
    46    2.036               0             161;
    47    2.081               0            -561;
    48    2.125               0             -52;
    49    2.169               0             509;
    50    2.214               0             -93;
    51    2.258               0            -476;
    52    2.302               0             173;
    53    2.346               0             380;
    54    2.391               0            -275;
    55    2.435               0            -310;
    56    2.479               0             310;
    57    2.523               0             193;
    58    2.568               0            -359;
    59    2.612               0            -113;
    60    2.656               0             339;
    61    2.701               0               1;
    62    2.745               0            -340;
    63    2.789               0              64;
    64    2.833               0             274;
    65    2.878               0            -153;
    66    2.922               0            -238;
    67    2.966               0             181;
    68    3.010               0             146;
    69    3.055               0            -232;
    70    3.099               0             -96;
    71    3.143               0             214;
    72    3.188               0               6;
    73    3.232               0            -226;
    74    3.276               0              33;
    75    3.320               0             170;
    76    3.365               0            -101;
    77    3.409               0            -153;
    78    3.453               0             107;
    79    3.497               0              81;
    80    3.542               0            -148;
    81    3.586               0             -59;
    82    3.630               0             119;
    83    3.674               0              -6;
    84    3.719               0            -135;
    85    3.763               0              15;
    86    3.807               0              81;
    87    3.852               0             -68;
    88    3.896               0             -84;
    89    3.940               0              51]
